template /tmp/m165/work/T_tol.Ghost.Gbx: 2109 ticks, declared Some(15600) ms; window [154,954)
identity control: seed re-simulates to 15246 ms
# base 15246 ms; boundary shifted by d ticks (+ = event happens LATER)
  tick   event_ms  d_ticks     ms
--- boundary at tick 162 (1620 ms)
   162       1620       +1    DNF
   162       1620       -1    DNF
   162       1620       +2    DNF
   162       1620       -2    DNF
   162       1620       +3    DNF
   162       1620       -3    DNF
   162       1620       +4    DNF
   162       1620       -4    DNF
   162       1620       +5    DNF
   162       1620       -5    DNF
   162       1620       +6    DNF
   162       1620       -6    DNF
   162       1620       +7    DNF
   162       1620       -7    DNF
   162       1620       +8    DNF
   162       1620       -8    DNF
--- boundary at tick 172 (1720 ms)
   172       1720       +1    DNF
   172       1720       -1    DNF
   172       1720       +2    DNF
   172       1720       -2    DNF
   172       1720       +3    DNF
   172       1720       -3    DNF
   172       1720       +4    DNF
   172       1720       -4    DNF
   172       1720       +5    DNF
   172       1720       -5    DNF
   172       1720       +6    DNF
   172       1720       -6    DNF
   172       1720       +7    DNF
   172       1720       -7    DNF
   172       1720       +8    DNF
   172       1720       -8    DNF
--- boundary at tick 188 (1880 ms)
   188       1880       +1    DNF
   188       1880       -1    DNF
   188       1880       -2    DNF
   188       1880       -3    DNF
   188       1880       -4    DNF
   188       1880       -5    DNF
   188       1880       -6    DNF
   188       1880       -7    DNF
   188       1880       -8    DNF
--- boundary at tick 189 (1890 ms)
   189       1890       +1    DNF
   189       1890       -1    DNF
--- boundary at tick 190 (1900 ms)
   190       1900       +1    DNF
   190       1900       -1    DNF
--- boundary at tick 191 (1910 ms)
   191       1910       +1    DNF
   191       1910       -1    DNF
--- boundary at tick 192 (1920 ms)
   192       1920       +1    DNF
   192       1920       -1    DNF
   192       1920       +2    DNF
   192       1920       +3    DNF
   192       1920       +4    DNF
   192       1920       +5    DNF
   192       1920       +6    DNF
   192       1920       +7    DNF
   192       1920       +8    DNF
--- boundary at tick 215 (2150 ms)
   215       2150       +1    DNF
   215       2150       -1    DNF
   215       2150       +2    DNF
   215       2150       -2    DNF
   215       2150       +3    DNF
   215       2150       -3    DNF
   215       2150       +4    DNF
   215       2150       -4    DNF
   215       2150       +5    DNF
   215       2150       -5    DNF
   215       2150       +6    DNF
   215       2150       -6    DNF
   215       2150       +7    DNF
   215       2150       -7    DNF
   215       2150       +8    DNF
   215       2150       -8    DNF
--- boundary at tick 227 (2270 ms)
   227       2270       +1    DNF
   227       2270       -1    DNF
   227       2270       +2    DNF
   227       2270       -2    DNF
   227       2270       +3    DNF
   227       2270       -3    DNF
   227       2270       +4    DNF
   227       2270       -4    DNF
   227       2270       +5    DNF
   227       2270       -5    DNF
   227       2270       +6    DNF
   227       2270       -6    DNF
   227       2270       +7    DNF
   227       2270       -7    DNF
   227       2270       +8    DNF
   227       2270       -8    DNF
--- boundary at tick 248 (2480 ms)
   248       2480       +1    DNF
   248       2480       -1    DNF
   248       2480       +2    DNF
   248       2480       -2    DNF
   248       2480       +3    DNF
   248       2480       -3    DNF
   248       2480       +4    DNF
   248       2480       -4    DNF
   248       2480       +5    DNF
   248       2480       -5    DNF
   248       2480       +6    DNF
   248       2480       -6    DNF
   248       2480       +7    DNF
   248       2480       -7    DNF
   248       2480       +8    DNF
   248       2480       -8    DNF
--- boundary at tick 276 (2760 ms)
   276       2760       +1    DNF
   276       2760       -1    DNF
   276       2760       -2    DNF
   276       2760       -3    DNF
   276       2760       -4    DNF
   276       2760       -5    DNF
   276       2760       -6    DNF
   276       2760       -7    DNF
   276       2760       -8    DNF
--- boundary at tick 277 (2770 ms)
   277       2770       +1    DNF
   277       2770       -1    DNF
--- boundary at tick 278 (2780 ms)
   278       2780       +1    DNF
   278       2780       -1    DNF
--- boundary at tick 279 (2790 ms)
   279       2790       +1    DNF
   279       2790       -1    DNF
--- boundary at tick 280 (2800 ms)
   280       2800       +1    DNF
   280       2800       -1    DNF
--- boundary at tick 281 (2810 ms)
   281       2810       +1    DNF
   281       2810       -1    DNF
   281       2810       +2    DNF
--- boundary at tick 283 (2830 ms)
   283       2830       +1    DNF
   283       2830       -1    DNF
   283       2830       -2    DNF
--- boundary at tick 284 (2840 ms)
   284       2840       +1    DNF
   284       2840       -1    DNF
--- boundary at tick 285 (2850 ms)
   285       2850       +1    DNF
   285       2850       -1    DNF
   285       2850       +2    DNF
--- boundary at tick 287 (2870 ms)
   287       2870       +1    DNF
   287       2870       -1    DNF
   287       2870       -2    DNF
--- boundary at tick 288 (2880 ms)
   288       2880       +1    DNF
   288       2880       -1    DNF
--- boundary at tick 289 (2890 ms)
   289       2890       +1    DNF
   289       2890       -1    DNF
   289       2890       +2    DNF
   289       2890       +3    DNF
   289       2890       +4    DNF
   289       2890       +5    DNF
   289       2890       +6    DNF
   289       2890       +7    DNF
   289       2890       +8    DNF
--- boundary at tick 375 (3750 ms)
   375       3750       +1    DNF
   375       3750       -1    DNF
   375       3750       +2    DNF
   375       3750       -2    DNF
   375       3750       -3    DNF
   375       3750       -4    DNF
   375       3750       -5    DNF
   375       3750       -6    DNF
   375       3750       -7    DNF
   375       3750       -8    DNF
--- boundary at tick 377 (3770 ms)
   377       3770       +1    DNF
   377       3770       -1    DNF
   377       3770       +2    DNF
   377       3770       -2    DNF
   377       3770       +3    DNF
--- boundary at tick 380 (3800 ms)
   380       3800       +1    DNF
   380       3800       -1    DNF
   380       3800       +2    DNF
   380       3800       -2    DNF
   380       3800       +3    DNF
   380       3800       -3    DNF
   380       3800       +4    DNF
--- boundary at tick 384 (3840 ms)
   384       3840       +1    DNF
   384       3840       -1    DNF
   384       3840       +2    DNF
   384       3840       -2    DNF
   384       3840       +3    DNF
   384       3840       -3    DNF
   384       3840       +4    DNF
   384       3840       -4    DNF
   384       3840       +5    DNF
   384       3840       +6    DNF
   384       3840       +7    DNF
   384       3840       +8    DNF
--- boundary at tick 491 (4910 ms)
   491       4910       +1  15367 (+121)
   491       4910       -1    DNF
   491       4910       +2    DNF
   491       4910       -2    DNF
   491       4910       +3    DNF
   491       4910       -3    DNF
   491       4910       +4    DNF
   491       4910       -4    DNF
   491       4910       +5    DNF
   491       4910       -5    DNF
   491       4910       -6    DNF
   491       4910       -7    DNF
   491       4910       -8    DNF
--- boundary at tick 496 (4960 ms)
   496       4960       +1    DNF
   496       4960       -1    DNF
   496       4960       -2    DNF
   496       4960       -3    DNF
   496       4960       -4    DNF
   496       4960       -5    DNF
--- boundary at tick 497 (4970 ms)
   497       4970       +1    DNF
   497       4970       -1  15379 (+133)
   497       4970       +2    DNF
--- boundary at tick 499 (4990 ms)
   499       4990       +1    DNF
   499       4990       -1    DNF
   499       4990       -2    DNF
--- boundary at tick 500 (5000 ms)
   500       5000       +1    DNF
   500       5000       -1    DNF
--- boundary at tick 501 (5010 ms)
   501       5010       +1  15360 (+114)
   501       5010       -1    DNF
--- boundary at tick 502 (5020 ms)
   502       5020       +1    DNF
   502       5020       -1    DNF
--- boundary at tick 503 (5030 ms)
   503       5030       +1    DNF
   503       5030       -1    DNF
--- boundary at tick 504 (5040 ms)
   504       5040       +1    DNF
   504       5040       -1    DNF
--- boundary at tick 505 (5050 ms)
   505       5050       +1    DNF
   505       5050       -1    DNF
--- boundary at tick 506 (5060 ms)
   506       5060       +1    DNF
   506       5060       -1    DNF
--- boundary at tick 507 (5070 ms)
   507       5070       +1    DNF
   507       5070       -1    DNF
--- boundary at tick 508 (5080 ms)
   508       5080       +1    DNF
   508       5080       -1    DNF
--- boundary at tick 509 (5090 ms)
   509       5090       +1    DNF
   509       5090       -1    DNF
--- boundary at tick 510 (5100 ms)
   510       5100       +1    DNF
   510       5100       -1    DNF
--- boundary at tick 511 (5110 ms)
   511       5110       +1    DNF
   511       5110       -1    DNF
--- boundary at tick 512 (5120 ms)
   512       5120       +1    DNF
   512       5120       -1    DNF
   512       5120       +2    DNF
   512       5120       +3    DNF
   512       5120       +4    DNF
   512       5120       +5    DNF
   512       5120       +6    DNF
   512       5120       +7    DNF
   512       5120       +8    DNF
--- boundary at tick 552 (5520 ms)
   552       5520       +1    DNF
   552       5520       -1    DNF
   552       5520       +2    DNF
   552       5520       -2  15370 (+124)
   552       5520       +3    DNF
   552       5520       -3  15369 (+123)
   552       5520       +4  16026 (+780)
   552       5520       -4  15365 (+119)
   552       5520       +5    DNF
   552       5520       -5  15374 (+128)
   552       5520       +6    DNF
   552       5520       -6  15369 (+123)
   552       5520       +7    DNF
   552       5520       -7  15390 (+144)
   552       5520       +8    DNF
   552       5520       -8  15396 (+150)
--- boundary at tick 560 (5600 ms)
   560       5600       +1  16729 (+1483)
   560       5600       -1  15257 (+11)
   560       5600       +2    DNF
   560       5600       -2    DNF
   560       5600       +3    DNF
   560       5600       -3    DNF
   560       5600       +4    DNF
   560       5600       -4    DNF
   560       5600       +5    DNF
   560       5600       -5    DNF
   560       5600       +6    DNF
   560       5600       -6    DNF
   560       5600       -7    DNF
   560       5600       -8    DNF
--- boundary at tick 566 (5660 ms)
   566       5660       +1  15258 (+12)
   566       5660       -1    DNF
   566       5660       +2  15251 (+5)
   566       5660       -2    DNF
   566       5660       +3    DNF
   566       5660       -3    DNF
   566       5660       +4    DNF
   566       5660       -4    DNF
   566       5660       +5    DNF
   566       5660       -5    DNF
   566       5660       -6    DNF
--- boundary at tick 571 (5710 ms)
   571       5710       +1  15362 (+116)
   571       5710       -1    DNF
   571       5710       +2    DNF
   571       5710       -2    DNF
   571       5710       +3    DNF
   571       5710       -3    DNF
   571       5710       +4    DNF
   571       5710       -4    DNF
   571       5710       -5    DNF
--- boundary at tick 575 (5750 ms)
   575       5750       +1    DNF
   575       5750       -1  15364 (+118)
   575       5750       -2    DNF
   575       5750       -3    DNF
   575       5750       -4    DNF
--- boundary at tick 576 (5760 ms)
   576       5760       +1  15364 (+118)
   576       5760       -1    DNF
   576       5760       +2  15364 (+118)
   576       5760       +3    DNF
   576       5760       +4    DNF
--- boundary at tick 580 (5800 ms)
   580       5800       +1  15250 (+4)
   580       5800       -1    DNF
   580       5800       +2  15360 (+114)
   580       5800       -2    DNF
   580       5800       +3  15361 (+115)
   580       5800       -3    DNF
   580       5800       +4    DNF
   580       5800       -4    DNF
--- boundary at tick 584 (5840 ms)
   584       5840       +1  15255 (+9)
   584       5840       -1    DNF
   584       5840       +2  15257 (+11)
   584       5840       -2    DNF
   584       5840       +3  15247 (+1)
   584       5840       -3    DNF
   584       5840       -4    DNF
--- boundary at tick 587 (5870 ms)
   587       5870       +1  15257 (+11)
   587       5870       -1  15260 (+14)
   587       5870       -2    DNF
   587       5870       -3    DNF
--- boundary at tick 588 (5880 ms)
   588       5880       +1  15359 (+113)
   588       5880       -1    DNF
--- boundary at tick 589 (5890 ms)
   589       5890       +1    DNF
   589       5890       -1    DNF
--- boundary at tick 590 (5900 ms)
   590       5900       +1    DNF
   590       5900       -1    DNF
--- boundary at tick 591 (5910 ms)
   591       5910       +1    DNF
   591       5910       -1    DNF
--- boundary at tick 592 (5920 ms)
   592       5920       +1    DNF
   592       5920       -1    DNF
--- boundary at tick 593 (5930 ms)
   593       5930       +1    DNF
   593       5930       -1    DNF
--- boundary at tick 594 (5940 ms)
   594       5940       +1  15357 (+111)
   594       5940       -1    DNF
--- boundary at tick 595 (5950 ms)
   595       5950       +1  15248 (+2)
   595       5950       -1    DNF
--- boundary at tick 596 (5960 ms)
   596       5960       +1  15255 (+9)
   596       5960       -1  15261 (+15)
--- boundary at tick 597 (5970 ms)
   597       5970       +1  15261 (+15)
   597       5970       -1  15255 (+9)
--- boundary at tick 598 (5980 ms)
   598       5980       +1  15268 (+22)
   598       5980       -1  15246 (+0)
--- boundary at tick 599 (5990 ms)
   599       5990       +1    DNF
   599       5990       -1  15357 (+111)
--- boundary at tick 600 (6000 ms)
   600       6000       +1    DNF
   600       6000       -1    DNF
--- boundary at tick 601 (6010 ms)
   601       6010       +1    DNF
   601       6010       -1    DNF
--- boundary at tick 602 (6020 ms)
   602       6020       +1    DNF
   602       6020       -1  15358 (+112)
--- boundary at tick 603 (6030 ms)
   603       6030       +1    DNF
   603       6030       -1    DNF
--- boundary at tick 604 (6040 ms)
   604       6040       +1    DNF
   604       6040       -1  15357 (+111)
--- boundary at tick 605 (6050 ms)
   605       6050       +1  17667 (+2421)
   605       6050       -1  15257 (+11)
--- boundary at tick 606 (6060 ms)
   606       6060       +1  15260 (+14)
   606       6060       -1  15249 (+3)
--- boundary at tick 607 (6070 ms)
   607       6070       +1  15260 (+14)
   607       6070       -1  15257 (+11)
--- boundary at tick 608 (6080 ms)
   608       6080       +1  15261 (+15)
   608       6080       -1  15256 (+10)
--- boundary at tick 609 (6090 ms)
   609       6090       +1    DNF
   609       6090       -1  15247 (+1)
--- boundary at tick 610 (6100 ms)
   610       6100       +1  15261 (+15)
   610       6100       -1  15257 (+11)
   610       6100       +2    DNF
   610       6100       +3    DNF
--- boundary at tick 613 (6130 ms)
   613       6130       +1    DNF
   613       6130       -1    DNF
   613       6130       -2    DNF
   613       6130       -3    DNF
--- boundary at tick 614 (6140 ms)
   614       6140       +1    DNF
   614       6140       -1  15251 (+5)
--- boundary at tick 615 (6150 ms)
   615       6150       +1    DNF
   615       6150       -1    DNF
--- boundary at tick 616 (6160 ms)
   616       6160       +1  15246 (+0)
   616       6160       -1    DNF
--- boundary at tick 617 (6170 ms)
   617       6170       +1    DNF
   617       6170       -1    DNF
--- boundary at tick 618 (6180 ms)
   618       6180       +1    DNF
   618       6180       -1    DNF
--- boundary at tick 619 (6190 ms)
   619       6190       +1  15260 (+14)
   619       6190       -1    DNF
--- boundary at tick 620 (6200 ms)
   620       6200       +1  15263 (+17)
   620       6200       -1    DNF
--- boundary at tick 621 (6210 ms)
   621       6210       +1  15268 (+22)
   621       6210       -1    DNF
--- boundary at tick 622 (6220 ms)
   622       6220       +1  15273 (+27)
   622       6220       -1  15264 (+18)
--- boundary at tick 623 (6230 ms)
   623       6230       +1  15258 (+12)
   623       6230       -1  15251 (+5)
--- boundary at tick 624 (6240 ms)
   624       6240       +1  15258 (+12)
   624       6240       -1  15251 (+5)
--- boundary at tick 625 (6250 ms)
   625       6250       +1  15257 (+11)
   625       6250       -1  15258 (+12)
--- boundary at tick 626 (6260 ms)
   626       6260       +1  15250 (+4)
   626       6260       -1  15250 (+4)
   626       6260       +2  15255 (+9)
   626       6260       +3  15257 (+11)
   626       6260       +4  15257 (+11)
   626       6260       +5  15256 (+10)
   626       6260       +6  15261 (+15)
   626       6260       +7  15260 (+14)
--- boundary at tick 633 (6330 ms)
   633       6330       +1    DNF
   633       6330       -1    DNF
   633       6330       -2    DNF
   633       6330       -3    DNF
   633       6330       -4    DNF
   633       6330       -5    DNF
   633       6330       -6    DNF
   633       6330       -7    DNF
--- boundary at tick 634 (6340 ms)
   634       6340       +1  15249 (+3)
   634       6340       -1  15250 (+4)
   634       6340       +2  15247 (+1)
   634       6340       +3  15247 (+1)
   634       6340       +4  15247 (+1)
   634       6340       +5  15248 (+2)
--- boundary at tick 639 (6390 ms)
   639       6390       +1  15249 (+3)
   639       6390       -1  15255 (+9)
   639       6390       +2  15249 (+3)
   639       6390       -2  15255 (+9)
   639       6390       -3  15255 (+9)
   639       6390       -4  15257 (+11)
   639       6390       -5  15256 (+10)
--- boundary at tick 641 (6410 ms)
   641       6410       +1  15256 (+10)
   641       6410       -1  15247 (+1)
   641       6410       +2  15257 (+11)
   641       6410       -2  15248 (+2)
   641       6410       +3  15258 (+12)
   641       6410       +4  15260 (+14)
   641       6410       +5  15264 (+18)
   641       6410       +6  15266 (+20)
   641       6410       +7  15270 (+24)
--- boundary at tick 648 (6480 ms)
   648       6480       +1  15249 (+3)
   648       6480       -1  15255 (+9)
   648       6480       +2  15249 (+3)
   648       6480       -2  15255 (+9)
   648       6480       +3  15247 (+1)
   648       6480       -3  15256 (+10)
   648       6480       +4  15248 (+2)
   648       6480       -4  15255 (+9)
   648       6480       +5  15247 (+1)
   648       6480       -5  15258 (+12)
   648       6480       +6  15248 (+2)
   648       6480       -6  15257 (+11)
   648       6480       +7  15248 (+2)
   648       6480       -7  15257 (+11)
--- boundary at tick 655 (6550 ms)
   655       6550       +1  15246 (+0)
   655       6550       -1  15250 (+4)
   655       6550       +2  15249 (+3)
   655       6550       -2  15255 (+9)
   655       6550       +3  15247 (+1)
   655       6550       -3  15254 (+8)
   655       6550       +4  15248 (+2)
   655       6550       -4  15255 (+9)
   655       6550       +5  15248 (+2)
   655       6550       -5  15255 (+9)
   655       6550       +6  15247 (+1)
   655       6550       -6  15257 (+11)
   655       6550       +7  15248 (+2)
   655       6550       -7  15256 (+10)
--- boundary at tick 662 (6620 ms)
   662       6620       +1  15249 (+3)
   662       6620       -1  15250 (+4)
   662       6620       +2  15249 (+3)
   662       6620       -2  15246 (+0)
   662       6620       +3  15248 (+2)
   662       6620       -3  15254 (+8)
   662       6620       +4  15248 (+2)
   662       6620       -4  15251 (+5)
   662       6620       +5  15247 (+1)
   662       6620       -5  15256 (+10)
   662       6620       +6  15247 (+1)
   662       6620       -6  15255 (+9)
   662       6620       +7  15247 (+1)
   662       6620       -7  15257 (+11)
--- boundary at tick 669 (6690 ms)
   669       6690       +1  15249 (+3)
   669       6690       -1  15255 (+9)
   669       6690       -2  15255 (+9)
   669       6690       -3  15258 (+12)
   669       6690       -4  15257 (+11)
   669       6690       -5  15258 (+12)
   669       6690       -6  15258 (+12)
   669       6690       -7  15261 (+15)
--- boundary at tick 670 (6700 ms)
   670       6700       +1  15249 (+3)
   670       6700       -1  15250 (+4)
   670       6700       +2  15250 (+4)
--- boundary at tick 672 (6720 ms)
   672       6720       +1  15249 (+3)
   672       6720       -1  15250 (+4)
   672       6720       +2  15249 (+3)
   672       6720       -2  15249 (+3)
   672       6720       +3  15249 (+3)
--- boundary at tick 675 (6750 ms)
   675       6750       +1  15249 (+3)
   675       6750       -1  15250 (+4)
   675       6750       +2  15249 (+3)
   675       6750       -2  15254 (+8)
   675       6750       +3  15248 (+2)
   675       6750       -3  15252 (+6)
--- boundary at tick 678 (6780 ms)
   678       6780       +1  15249 (+3)
   678       6780       -1  15250 (+4)
   678       6780       +2  15249 (+3)
   678       6780       -2  15250 (+4)
   678       6780       -3  15255 (+9)
--- boundary at tick 680 (6800 ms)
   680       6800       +1  15249 (+3)
   680       6800       -1  15250 (+4)
   680       6800       -2  15250 (+4)
--- boundary at tick 681 (6810 ms)
   681       6810       +1  15255 (+9)
   681       6810       -1  15295 (+49)
   681       6810       +2  15374 (+128)
   681       6810       +3  15382 (+136)
   681       6810       +4  15391 (+145)
   681       6810       +5  15399 (+153)
   681       6810       +6  15423 (+177)
   681       6810       +7  15432 (+186)
   681       6810       +8  15442 (+196)
--- boundary at tick 702 (7020 ms)
   702       7020       +1  15252 (+6)
   702       7020       -1  15272 (+26)
   702       7020       +2  15257 (+11)
   702       7020       -2  16604 (+1358)
   702       7020       +3  15262 (+16)
   702       7020       -3    DNF
   702       7020       +4  15267 (+21)
   702       7020       -4  15481 (+235)
   702       7020       +5  15272 (+26)
   702       7020       -5  15514 (+268)
   702       7020       +6  15277 (+31)
   702       7020       -6  16226 (+980)
   702       7020       +7  15281 (+35)
   702       7020       -7  16329 (+1083)
   702       7020       +8  15951 (+705)
   702       7020       -8    DNF
--- boundary at tick 714 (7140 ms)
   714       7140       +1  15246 (+0)
   714       7140       -1  15250 (+4)
   714       7140       +2  15249 (+3)
   714       7140       -2  15250 (+4)
   714       7140       +3  15249 (+3)
   714       7140       -3  15250 (+4)
   714       7140       +4  15250 (+4)
   714       7140       -4  15250 (+4)
   714       7140       +5  15249 (+3)
   714       7140       -5  15249 (+3)
   714       7140       +6  15249 (+3)
   714       7140       -6  15255 (+9)
   714       7140       -7  15255 (+9)
   714       7140       -8  15254 (+8)
--- boundary at tick 720 (7200 ms)
   720       7200       +1  15250 (+4)
   720       7200       -1  15249 (+3)
   720       7200       +2  15249 (+3)
   720       7200       -2  15249 (+3)
   720       7200       +3  15255 (+9)
   720       7200       -3  15249 (+3)
   720       7200       -4  15248 (+2)
   720       7200       -5  15247 (+1)
   720       7200       -6  15247 (+1)
--- boundary at tick 723 (7230 ms)
   723       7230       +1  15246 (+0)
   723       7230       -1  15250 (+4)
   723       7230       +2  15249 (+3)
   723       7230       -2  15250 (+4)
   723       7230       +3  15249 (+3)
   723       7230       -3  15250 (+4)
   723       7230       +4  15250 (+4)
   723       7230       +5  15250 (+4)
--- boundary at tick 728 (7280 ms)
   728       7280       +1  15249 (+3)
   728       7280       -1  15261 (+15)
   728       7280       +2  15252 (+6)
   728       7280       -2  15275 (+29)
   728       7280       +3  15255 (+9)
   728       7280       -3  16374 (+1128)
   728       7280       +4  15258 (+12)
   728       7280       -4  16478 (+1232)
   728       7280       +5  15260 (+14)
   728       7280       -5    DNF
--- boundary at tick 733 (7330 ms)
   733       7330       +1  15267 (+21)
   733       7330       -1  15249 (+3)
   733       7330       +2  15278 (+32)
   733       7330       -2  15252 (+6)
   733       7330       +3    DNF
   733       7330       -3  15255 (+9)
   733       7330       +4    DNF
   733       7330       -4  15259 (+13)
   733       7330       -5  15262 (+16)
--- boundary at tick 737 (7370 ms)
   737       7370       +1  15246 (+0)
   737       7370       -1  15250 (+4)
   737       7370       +2  15246 (+0)
   737       7370       -2  15250 (+4)
   737       7370       +3  15249 (+3)
   737       7370       -3  15250 (+4)
   737       7370       +4  15249 (+3)
   737       7370       -4  15250 (+4)
--- boundary at tick 741 (7410 ms)
   741       7410       +1  15246 (+0)
   741       7410       -1  15250 (+4)
   741       7410       -2  15250 (+4)
   741       7410       -3  15250 (+4)
   741       7410       -4  15250 (+4)
--- boundary at tick 742 (7420 ms)
   742       7420       +1  15250 (+4)
   742       7420       -1  15249 (+3)
--- boundary at tick 743 (7430 ms)
   743       7430       +1  15247 (+1)
   743       7430       -1  15255 (+9)
--- boundary at tick 744 (7440 ms)
   744       7440       +1  15246 (+0)
   744       7440       -1  15250 (+4)
--- boundary at tick 745 (7450 ms)
   745       7450       +1  15250 (+4)
   745       7450       -1  15246 (+0)
--- boundary at tick 746 (7460 ms)
   746       7460       +1  15250 (+4)
   746       7460       -1  15246 (+0)
--- boundary at tick 747 (7470 ms)
   747       7470       +1  15250 (+4)
   747       7470       -1  15246 (+0)
--- boundary at tick 748 (7480 ms)
   748       7480       +1  15250 (+4)
   748       7480       -1  15246 (+0)
--- boundary at tick 749 (7490 ms)
   749       7490       +1  15246 (+0)
   749       7490       -1  15250 (+4)
--- boundary at tick 750 (7500 ms)
   750       7500       +1  15250 (+4)
   750       7500       -1  15246 (+0)
--- boundary at tick 751 (7510 ms)
   751       7510       +1  15256 (+10)
   751       7510       -1  15248 (+2)
   751       7510       +2  15287 (+41)
   751       7510       +3  15281 (+35)
   751       7510       +4  15272 (+26)
   751       7510       +5  15270 (+24)
   751       7510       +6  15317 (+71)
   751       7510       +7  17677 (+2431)
   751       7510       +8  16128 (+882)
--- boundary at tick 762 (7620 ms)
   762       7620       +1  15246 (+0)
   762       7620       -1  15250 (+4)
   762       7620       +2  15246 (+0)
   762       7620       -2  15250 (+4)
   762       7620       +3  15249 (+3)
   762       7620       -3  15250 (+4)
   762       7620       +4  15249 (+3)
   762       7620       -4  15250 (+4)
   762       7620       +5  15249 (+3)
   762       7620       -5  15250 (+4)
   762       7620       +6  15249 (+3)
   762       7620       -6  15250 (+4)
   762       7620       +7  15249 (+3)
   762       7620       -7  15249 (+3)
   762       7620       +8  15249 (+3)
   762       7620       -8  15249 (+3)
--- boundary at tick 796 (7960 ms)
   796       7960       +1  15249 (+3)
   796       7960       -1  15250 (+4)
   796       7960       +2  15250 (+4)
   796       7960       -2  15246 (+0)
   796       7960       -3  15249 (+3)
   796       7960       -4  15250 (+4)
   796       7960       -5  15256 (+10)
   796       7960       -6  15256 (+10)
   796       7960       -7  15250 (+4)
   796       7960       -8  15257 (+11)
--- boundary at tick 798 (7980 ms)
   798       7980       +1  15246 (+0)
   798       7980       -1  15246 (+0)
   798       7980       +2  15246 (+0)
   798       7980       -2  15250 (+4)
   798       7980       +3  15246 (+0)
--- boundary at tick 801 (8010 ms)
   801       8010       +1  15250 (+4)
   801       8010       -1  15251 (+5)
   801       8010       +2  15252 (+6)
   801       8010       -2  15254 (+8)
   801       8010       -3  15254 (+8)
--- boundary at tick 803 (8030 ms)
   803       8030       +1  15246 (+0)
   803       8030       -1  15246 (+0)
   803       8030       +2  15246 (+0)
   803       8030       -2  15246 (+0)
   803       8030       +3  15246 (+0)
--- boundary at tick 806 (8060 ms)
   806       8060       +1  15246 (+0)
   806       8060       -1  15250 (+4)
   806       8060       +2  15246 (+0)
   806       8060       -2  15246 (+0)
   806       8060       +3  15246 (+0)
   806       8060       -3  15250 (+4)
   806       8060       +4  15246 (+0)
--- boundary at tick 810 (8100 ms)
   810       8100       +1  15246 (+0)
   810       8100       -1  15250 (+4)
   810       8100       -2  15250 (+4)
   810       8100       -3  15250 (+4)
   810       8100       -4  15250 (+4)
--- boundary at tick 811 (8110 ms)
   811       8110       +1  15246 (+0)
   811       8110       -1  15246 (+0)
--- boundary at tick 812 (8120 ms)
   812       8120       +1  15246 (+0)
   812       8120       -1  15246 (+0)
   812       8120       +2  15246 (+0)
--- boundary at tick 814 (8140 ms)
   814       8140       +1  15246 (+0)
   814       8140       -1  15250 (+4)
   814       8140       -2  15250 (+4)
--- boundary at tick 815 (8150 ms)
   815       8150       +1  15250 (+4)
   815       8150       -1  15249 (+3)
--- boundary at tick 816 (8160 ms)
   816       8160       +1  15246 (+0)
   816       8160       -1  15250 (+4)
--- boundary at tick 817 (8170 ms)
   817       8170       +1  15246 (+0)
   817       8170       -1  15250 (+4)
--- boundary at tick 818 (8180 ms)
   818       8180       +1  15246 (+0)
   818       8180       -1  15250 (+4)
--- boundary at tick 819 (8190 ms)
   819       8190       +1  15246 (+0)
   819       8190       -1  15246 (+0)
   819       8190       +2  15246 (+0)
   819       8190       +3  15246 (+0)
   819       8190       +4  15246 (+0)
   819       8190       +5  15246 (+0)
   819       8190       +6  15246 (+0)
   819       8190       +7  15246 (+0)
--- boundary at tick 826 (8260 ms)
   826       8260       +1  15246 (+0)
   826       8260       -1  15246 (+0)
   826       8260       +2  15246 (+0)
   826       8260       -2  15246 (+0)
   826       8260       +3  15246 (+0)
   826       8260       -3  15246 (+0)
   826       8260       +4  15246 (+0)
   826       8260       -4  15246 (+0)
   826       8260       +5  15246 (+0)
   826       8260       -5  15246 (+0)
   826       8260       +6  15246 (+0)
   826       8260       -6  15246 (+0)
   826       8260       +7  15246 (+0)
   826       8260       -7  15246 (+0)
   826       8260       +8  15246 (+0)
--- boundary at tick 849 (8490 ms)
   849       8490       +1  15246 (+0)
   849       8490       -1  15246 (+0)
   849       8490       -2  15246 (+0)
   849       8490       -3  15246 (+0)
   849       8490       -4  15246 (+0)
   849       8490       -5  15246 (+0)
   849       8490       -6  15246 (+0)
   849       8490       -7  15246 (+0)
   849       8490       -8  15246 (+0)
--- boundary at tick 850 (8500 ms)
   850       8500       +1  15246 (+0)
   850       8500       -1  15246 (+0)
--- boundary at tick 851 (8510 ms)
   851       8510       +1  15246 (+0)
   851       8510       -1  15246 (+0)
--- boundary at tick 852 (8520 ms)
   852       8520       +1  15246 (+0)
   852       8520       -1  15246 (+0)
--- boundary at tick 853 (8530 ms)
   853       8530       +1  15246 (+0)
   853       8530       -1  15246 (+0)
--- boundary at tick 854 (8540 ms)
   854       8540       +1  15246 (+0)
   854       8540       -1  15246 (+0)
--- boundary at tick 855 (8550 ms)
   855       8550       +1  15246 (+0)
   855       8550       -1  15246 (+0)
--- boundary at tick 856 (8560 ms)
   856       8560       +1  15246 (+0)
   856       8560       -1  15246 (+0)
--- boundary at tick 857 (8570 ms)
   857       8570       +1  15246 (+0)
   857       8570       -1  15246 (+0)
--- boundary at tick 858 (8580 ms)
   858       8580       +1  15246 (+0)
   858       8580       -1  15246 (+0)
--- boundary at tick 859 (8590 ms)
   859       8590       +1  15246 (+0)
   859       8590       -1  15246 (+0)
--- boundary at tick 860 (8600 ms)
   860       8600       +1  15246 (+0)
   860       8600       -1  15246 (+0)
--- boundary at tick 861 (8610 ms)
   861       8610       +1  15246 (+0)
   861       8610       -1  15246 (+0)
--- boundary at tick 862 (8620 ms)
   862       8620       +1  15246 (+0)
   862       8620       -1  15246 (+0)
--- boundary at tick 863 (8630 ms)
   863       8630       +1  15246 (+0)
   863       8630       -1  15246 (+0)
--- boundary at tick 864 (8640 ms)
   864       8640       +1  15246 (+0)
   864       8640       -1  15246 (+0)
--- boundary at tick 865 (8650 ms)
   865       8650       +1  15246 (+0)
   865       8650       -1  15246 (+0)
--- boundary at tick 866 (8660 ms)
   866       8660       +1  15250 (+4)
   866       8660       -1  15246 (+0)
--- boundary at tick 867 (8670 ms)
   867       8670       +1  15246 (+0)
   867       8670       -1  15246 (+0)
--- boundary at tick 868 (8680 ms)
   868       8680       +1  15246 (+0)
   868       8680       -1  15246 (+0)
--- boundary at tick 869 (8690 ms)
   869       8690       +1  15246 (+0)
   869       8690       -1  15246 (+0)
--- boundary at tick 870 (8700 ms)
   870       8700       +1  15246 (+0)
   870       8700       -1  15246 (+0)
--- boundary at tick 871 (8710 ms)
   871       8710       +1  15246 (+0)
   871       8710       -1  15246 (+0)
--- boundary at tick 872 (8720 ms)
   872       8720       +1  15246 (+0)
   872       8720       -1  15246 (+0)
--- boundary at tick 873 (8730 ms)
   873       8730       +1  15246 (+0)
   873       8730       -1  15246 (+0)
--- boundary at tick 874 (8740 ms)
   874       8740       +1  15246 (+0)
   874       8740       -1  15246 (+0)
--- boundary at tick 875 (8750 ms)
   875       8750       +1  15246 (+0)
   875       8750       -1  15246 (+0)
--- boundary at tick 876 (8760 ms)
   876       8760       +1  15246 (+0)
   876       8760       -1  15246 (+0)
--- boundary at tick 877 (8770 ms)
   877       8770       +1  15246 (+0)
   877       8770       -1  15246 (+0)
--- boundary at tick 878 (8780 ms)
   878       8780       +1  15246 (+0)
   878       8780       -1  15246 (+0)
--- boundary at tick 879 (8790 ms)
   879       8790       +1  15246 (+0)
   879       8790       -1  15250 (+4)
--- boundary at tick 880 (8800 ms)
   880       8800       +1  15246 (+0)
   880       8800       -1  15246 (+0)
--- boundary at tick 881 (8810 ms)
   881       8810       +1  15246 (+0)
   881       8810       -1  15246 (+0)
--- boundary at tick 882 (8820 ms)
   882       8820       +1  15246 (+0)
   882       8820       -1  15246 (+0)
--- boundary at tick 883 (8830 ms)
   883       8830       +1  15246 (+0)
   883       8830       -1  15246 (+0)
--- boundary at tick 884 (8840 ms)
   884       8840       +1  15246 (+0)
   884       8840       -1  15246 (+0)
--- boundary at tick 885 (8850 ms)
   885       8850       +1  15246 (+0)
   885       8850       -1  15246 (+0)
--- boundary at tick 886 (8860 ms)
   886       8860       +1  15246 (+0)
   886       8860       -1  15246 (+0)
--- boundary at tick 887 (8870 ms)
   887       8870       +1  15246 (+0)
   887       8870       -1  15246 (+0)
--- boundary at tick 888 (8880 ms)
   888       8880       +1  15246 (+0)
   888       8880       -1  15246 (+0)
--- boundary at tick 889 (8890 ms)
   889       8890       +1  15246 (+0)
   889       8890       -1  15246 (+0)
--- boundary at tick 890 (8900 ms)
   890       8900       +1  15246 (+0)
   890       8900       -1  15246 (+0)
--- boundary at tick 891 (8910 ms)
   891       8910       +1  15246 (+0)
   891       8910       -1  15246 (+0)
--- boundary at tick 892 (8920 ms)
   892       8920       +1  15246 (+0)
   892       8920       -1  15246 (+0)
--- boundary at tick 893 (8930 ms)
   893       8930       +1  15246 (+0)
   893       8930       -1  15246 (+0)
--- boundary at tick 894 (8940 ms)
   894       8940       +1  15246 (+0)
   894       8940       -1  15246 (+0)
--- boundary at tick 895 (8950 ms)
   895       8950       +1  15246 (+0)
   895       8950       -1  15246 (+0)
   895       8950       +2  15246 (+0)
   895       8950       +3  15246 (+0)
   895       8950       +4  15246 (+0)
   895       8950       +5  15246 (+0)
   895       8950       +6  15246 (+0)
--- boundary at tick 901 (9010 ms)
   901       9010       +1  15246 (+0)
   901       9010       -1  15246 (+0)
   901       9010       +2  15246 (+0)
   901       9010       -2  15246 (+0)
   901       9010       +3  15246 (+0)
   901       9010       -3  15246 (+0)
   901       9010       +4  15246 (+0)
   901       9010       -4  15246 (+0)
   901       9010       +5  15246 (+0)
   901       9010       -5  15246 (+0)
   901       9010       +6  15246 (+0)
   901       9010       -6  15246 (+0)
   901       9010       +7  15246 (+0)
   901       9010       +8  15246 (+0)
--- boundary at tick 910 (9100 ms)
   910       9100       +1  15246 (+0)
   910       9100       -1  15246 (+0)
   910       9100       +2  15246 (+0)
   910       9100       -2  15246 (+0)
   910       9100       +3  15246 (+0)
   910       9100       -3  15246 (+0)
   910       9100       +4  15246 (+0)
   910       9100       -4  15246 (+0)
   910       9100       +5  15246 (+0)
   910       9100       -5  15246 (+0)
   910       9100       +6  15246 (+0)
   910       9100       -6  15246 (+0)
   910       9100       +7  15246 (+0)
   910       9100       -7  15246 (+0)
   910       9100       +8  15246 (+0)
   910       9100       -8  15246 (+0)
--- boundary at tick 923 (9230 ms)
   923       9230       +1  15246 (+0)
   923       9230       -1  15246 (+0)
   923       9230       +2  15246 (+0)
   923       9230       -2  15246 (+0)
   923       9230       +3  15246 (+0)
   923       9230       -3  15246 (+0)
   923       9230       +4  15246 (+0)
   923       9230       -4  15246 (+0)
   923       9230       +5  15246 (+0)
   923       9230       -5  15246 (+0)
   923       9230       +6  15246 (+0)
   923       9230       -6  15246 (+0)
   923       9230       +7  15246 (+0)
   923       9230       -7  15246 (+0)
   923       9230       +8  15246 (+0)
   923       9230       -8  15246 (+0)
--- boundary at tick 946 (9460 ms)
   946       9460       +1  15246 (+0)
   946       9460       -1  15246 (+0)
   946       9460       -2  15246 (+0)
   946       9460       -3  15246 (+0)
   946       9460       -4  15246 (+0)
   946       9460       -5  15246 (+0)
   946       9460       -6  15246 (+0)
   946       9460       -7  15246 (+0)
   946       9460       -8  15246 (+0)
--- boundary at tick 947 (9470 ms)
   947       9470       +1  15246 (+0)
   947       9470       -1  15246 (+0)
   947       9470       +2  15246 (+0)
--- boundary at tick 949 (9490 ms)
   949       9490       +1  15246 (+0)
   949       9490       -1  15246 (+0)
   949       9490       +2  15246 (+0)
   949       9490       -2  15246 (+0)
--- boundary at tick 951 (9510 ms)
   951       9510       +1  15246 (+0)
   951       9510       -1  15246 (+0)
   951       9510       -2  15246 (+0)
--- boundary at tick 952 (9520 ms)
   952       9520       +1  15246 (+0)
   952       9520       -1  15246 (+0)
   952       9520       +2  15246 (+0)
